1 477.495 354.682 1274.87 1187 3.10447e-05 0.111622
2 476.035 444.667 1.79818 57 1.46974e-06 -0.0187947
3 476.049 337.656 2.8317 61 1.17115e-06 0.00530886
4 476 356.455 0 66 0 0
5 476 277.613 0 62 0 0
6 476 287.679 0 28 0 0
7 476 278.641 0 39 0 0
8 476 269.815 0 27 0 0
9 476 287.15 0 40 0 0
10 476 251.75 0 48 0 0
11 476 236.273 0 11 0 0
12 476 224.5 0 2 0 0
13 476.375 229.5 4.51848 8 0.00279375 2.6147
16 477 625 0 1 0 0
18 476 625 0 1 0 0
22 254.8 638.2 0.142862 5 1.45742e-06 -89.8517
23 236.65 638.2 3.18234 20 1.09631e-05 -89.9859
24 240.966 638.379 6.10344 29 9.48502e-06 -89.9392
25 246.5 638.633 6.94938 30 1.37432e-05 -89.9894
26 253.738 638.476 10.4691 42 1.19555e-05 -89.9948
27 256.971 638.186 18.8865 140 8.62157e-06 -89.9415
28 243.279 638.416 47.2591 197 1.33178e-05 -89.9763
29 245.583 638.647 57.5318 252 1.38483e-05 -89.9947
30 237.75 638.531 1168.29 192 0.000266699 -89.9662
31 220.897 637.483 980.675 29 0.00173079 -89.4476
32 191.308 628.615 687.127 13 0.00175969 -87.1823
33 351.568 592.824 785282 74 0.387962 59.5575
34 372.484 586.278 1.19543e+06 126 0.441818 50.9325
35 360.155 546.82 6.01511e+06 328 0.549413 17.0709
36 320.916 555.3 5.92655e+06 237 0.859009 17.8682
37 322.994 545.151 1.14904e+07 543 0.584941 30.0572
38 314.192 529.053 3.33518e+07 1548 0.518066 20.5172
39 298.628 523.362 4.43394e+07 2020 0.513228 23.7679
40 269.949 504.382 1.13215e+08 4880 0.500829 16.8105
41 252.155 481.768 6.1478e+07 2637 0.450279 10.5077
42 247.985 467.195 7.37762e+07 3430 0.393651 9.31443
43 239.758 479.444 1.2054e+08 5717 0.432772 5.48032
44 227.156 446.813 2.64802e+08 12801 0.375637 3.67602
45 221.989 415.907 2.06679e+08 10304 0.349191 0.950234
46 223.129 392.987 2.05755e+08 10252 0.355053 -0.299316
47 224.699 371.912 1.78759e+08 8755 0.372717 0.583717
48 220.717 354.981 1.7298e+08 8255 0.396842 -0.503782
49 217.267 329.586 2.38908e+08 11667 0.402918 -4.71168
50 213.659 306.025 2.36098e+08 11418 0.443475 -8.04258
51 213.801 291.182 2.53804e+08 11674 0.524354 -3.5925
52 215.667 279.057 1.83334e+08 8835 0.547846 -4.08834
53 220.714 282.202 1.45699e+08 7020 0.598093 -5.00692
54 219.975 279.272 2.41047e+08 12014 0.64008 -12.1244
55 207.902 270.823 3.61999e+08 19208 0.718134 -28.8965
56 205.025 268.543 2.50101e+08 14279 0.76864 -51.3682
57 213.806 274.881 1.65679e+08 9958 0.796551 -69.2277
58 220.366 267.905 1.36192e+08 9119 0.737478 -82.052
59 229.416 263.172 1.53018e+08 11784 0.649838 84.5946
60 236.725 266.121 1.97944e+08 19446 0.503406 83.3944
61 244.129 273.657 7.8195e+07 7611 0.544181 82.8083
62 253.244 269.9 7.40993e+07 8651 0.479189 84.5224
63 268.153 307.438 1.22164e+07 873 0.869431 20.1425
64 270.037 258.119 8.77402e+07 12659 0.418026 87.7826
65 289.466 255.691 5.5269e+07 7803 0.526981 -89.6601
66 291.211 283.145 2.74084e+07 2428 0.729657 -13.8198
67 285.273 298.259 2.08797e+07 2107 0.507246 -22.3802
68 301.716 249.447 1.60848e+07 4129 0.422883 -86.0684
69 300.991 259.921 1.16911e+07 2069 0.652783 -65.8732
70 301.55 261.372 9.26421e+06 1583 0.722432 -72.1127
71 290.269 261.076 8.1755e+06 1347 0.787073 -38.8128
72 288.874 291.619 6.21466e+06 858 0.49354 -12.4716
73 284.353 305.197 5.84918e+06 795 0.408984 1.81049
74 277.103 346.154 7.04322e+06 794 0.337353 1.5921
75 273.687 362.481 7.73896e+06 859 0.288564 -6.24697
76 259.661 450.328 6.01942e+06 601 0.282392 -10.6482
77 253.269 439.299 5.15361e+06 535 0.278146 -10.3449
78 268.601 460.288 5.51796e+06 514 0.325118 -6.50631
79 263.735 410.115 3.2067e+06 339 0.278348 -11.9529
80 256.316 415.77 2.95654e+06 361 0.240867 -16.1178
81 245.642 411.448 1.98125e+06 268 0.217723 -11.0302
82 257.643 385.07 1.86058e+06 272 0.23717 -13.0641
83 282.104 350.957 1.24377e+06 164 0.289414 -1.83859
84 271.646 444.945 2.74315e+06 308 0.261722 -5.95355
85 266.184 495.411 4.08878e+06 343 0.375452 -5.66346
86 261.078 461.504 3.25326e+06 258 0.36819 -12.4675
87 256.763 518.879 5.18762e+06 380 0.474393 -13.1224
88 248.792 459.842 3.37271e+06 240 0.411601 -15.0098
89 254.353 452.784 3.05415e+06 218 0.406331 -15.9338
90 269.044 483.852 2.49044e+06 229 0.343545 -4.7061
91 260.633 443.458 2.22865e+06 177 0.386259 -13.9966
92 250.114 459.629 3.69474e+06 299 0.366386 -15.0783
93 286.343 334.81 743252 105 0.372011 0.658826
94 263.914 333.871 1.04783e+06 140 0.354848 -9.56071
95 277.026 324.064 374572 78 0.283512 -16.354
96 275.216 365.414 951738 116 0.342804 -11.7301
97 272.978 401.835 1.35457e+06 139 0.318899 -10.0002
98 267.256 376.906 1.30055e+06 117 0.36962 -6.64779
99 260.758 462.7 2.05821e+06 190 0.3222 -9.34234
100 263.091 519.145 3.31872e+06 276 0.429849 -5.71377
101 239.307 552.951 5.42891e+06 368 0.591592 -30.8313
102 256.766 543.757 4.939e+06 346 0.597904 -10.6293
103 265.76 387.271 1.25844e+06 129 0.34377 -6.06623
104 277.516 299.813 506927 91 0.366191 17.966
105 281.541 310.494 302986 85 0.318771 27.012
106 274.871 306.494 330208 85 0.386151 16.6968
107 276.881 292.564 499155 101 0.852456 -11.7453
108 293.676 299.27 361469 74 0.653097 -9.21298
109 292.179 303.571 320606 84 0.514345 30.7927
110 278.512 302.058 414121 86 0.71369 -10.3521
111 278.305 289.593 300028 59 0.749794 -5.87411
112 277.535 303.592 311299 71 0.661006 29.5397
113 288.806 286.313 264355 67 0.529732 34.4446
114 282.156 300.052 325186 77 0.681833 6.17876
115 272.657 306.537 270048 67 0.528026 7.86122
116 286.833 289.714 465315 84 0.816069 48.5141
117 272.543 305.938 423826 81 0.725259 9.56843
118 277.21 298.145 352206 62 0.747861 18.7886
119 285.46 280.47 402810 100 0.53066 15.048
120 285.099 298.022 402587 91 0.563813 31.6691
121 278.4 307.9 197017 50 0.618988 7.41802
122 288.325 300.361 469108 83 0.794721 11.1216
123 280.45 290.812 379856 80 0.53602 28.0979
124 275.448 294.776 240340 58 0.593648 19.9317
125 271.898 304.045 348158 88 0.458776 13.2818
126 268.138 305.793 254038 58 0.529216 28.0439
127 270.728 305.086 304444 81 0.53171 -5.63549
128 275.744 293.756 452908 78 0.795924 -5.99941
129 296.661 315.903 286435 62 0.755566 -12.5055
130 283.333 310.08 342537 75 0.669519 28.4281
131 290.029 273.159 294629 69 0.650983 35.9278
132 274.481 306.266 379163 79 0.766451 -18.78
133 291.803 305.515 312665 66 0.692989 7.12645
134 271.805 292.247 362265 77 0.613598 25.6039
135 287.275 331.826 320920 69 0.600582 6.54405
136 278.895 295.316 292767 57 0.797779 23.1723
137 275.293 302.329 415968 82 0.726861 10.6283
138 264.025 293.852 427660 81 0.700642 10.2433
139 268.128 299.282 338978 78 0.591511 21.4022
140 282.241 304.205 353657 83 0.539327 10.5065
141 271.467 310.217 446201 92 0.611093 -5.38218
142 282.444 304.822 378764 90 0.604524 15.5915
143 270.519 308.753 377649 81 0.664244 -19.2084
144 281.794 295.948 479376 97 0.608639 30.2717
145 277.83 295.682 385219 88 0.62158 24.9249
146 269.013 298.962 420750 79 0.759892 41.9486
147 277.222 312.733 440208 90 0.681443 16.8426
148 280.061 316.927 349907 82 0.551161 1.53803
149 288.33 299.29 452218 100 0.65314 -31.286
150 279.753 307.938 443848 81 0.726197 -13.2681
151 259.443 313.186 392831 97 0.484857 15.1689
152 285.198 314.594 558638 101 0.82303 -24.1434
153 281.579 300.794 539692 107 0.782253 32.6399
154 254.631 303.713 648532 122 0.648918 13.2961
155 262.133 311.765 344139 98 0.514656 -13.1417
156 271.786 336.518 487083 112 0.580453 -15.7611
157 266.566 317.674 538043 129 0.574921 -17.8241
158 281.104 293.026 628624 115 0.673965 35.9065
159 286.109 326.328 651745 128 0.690339 -2.15621
160 279.704 318.512 598394 125 0.624636 -15.5107
161 273.875 324.42 511132 112 0.620699 -12.5045
162 275.213 320.9 712236 150 0.632732 -19.7767
163 279.94 336.493 667682 150 0.650498 -24.0205
164 271.397 342.582 781372 194 0.504683 -28.1607
165 268.604 346.942 959766 207 0.636207 -30.5035
166 295.382 343.032 763048 157 0.769156 7.16973
167 296.577 355.219 1.02536e+06 215 0.642021 5.79291
168 295.51 352.523 1.05774e+06 239 0.728266 5.12116
169 293.982 354.218 1.19706e+06 271 0.718456 -18.0004
170 298.401 345.919 1.49578e+06 357 0.653651 5.01033
171 307.043 348.164 994424 256 0.620895 14.0274
172 307.511 350.732 1.62936e+06 366 0.715644 -4.80671
173 306.712 335.84 743629 163 0.607601 2.32284
174 317.817 347.53 2.31388e+06 515 0.799773 -1.66407
175 336.465 337.491 2.00292e+06 660 0.602816 -40.7035
176 320.261 335.103 1.22757e+06 272 0.757596 -30.6832
177 314.306 332.077 1.57761e+06 337 0.762245 -25.3599
178 319.404 327.694 1.88219e+06 359 0.89733 -30.5007
179 332.214 326.977 1.83841e+06 646 0.475983 -57.492
180 328.378 327.338 1.60945e+06 547 0.45698 -54.2086
181 334.152 317.017 1.47996e+06 525 0.459838 -59.6559
182 309.421 313.874 1.76245e+06 342 0.767942 -55.8515
183 299.409 307.555 1.52526e+06 281 0.748189 0.77951
184 291.936 320.777 1.32474e+06 283 0.706521 -26.5589
185 304.423 315.787 2.02548e+06 497 0.540637 -43.8393
186 298.264 313.612 1.5024e+06 322 0.680421 -22.8649
187 277.938 301.5 1.35893e+06 288 0.606034 5.66894
188 285.424 296.054 1.75163e+06 297 0.776164 -0.289325
189 282.909 304.732 1.74465e+06 340 0.631691 -4.44857
190 278.691 295.762 2.20613e+06 382 0.745251 -6.8571
191 289.825 287.497 2.05725e+06 332 0.775704 -50.3673
192 265.121 272.105 1.35336e+06 305 0.540043 19.294
193 269.895 263.963 916834 219 0.561274 29.3911
194 257.578 261.194 1.69601e+06 396 0.578946 20.6907
195 245.178 231.752 1.90356e+06 540 0.621901 24.6023
196 237.653 245.029 555529 308 0.262667 11.8452
197 240.993 249.294 551343 286 0.268895 16.4218
198 229.674 221.421 643403 604 0.207732 9.20933
199 226.932 223.77 590917 753 0.15727 6.72206
200 224.142 210.249 664729 1151 0.166241 1.42616
201 229.407 239.058 273841 364 0.139501 5.51478
202 227.15 241.016 351865 427 0.173555 6.94804
203 221.626 245.213 431408 840 0.12078 2.73088
204 225.816 233.526 211493 424 0.262494 9.10399
205 231.146 235.976 183290 378 0.278469 5.25293
206 241.531 244.772 64994.9 145 0.217313 26.3716
207 274.548 272.452 40031.4 42 0.366596 9.90617
208 293.118 275.706 20572.2 34 0.279322 -23.3963
209 284.03 261 9027.31 33 0.18715 -44.8794
210 280.913 270.739 9822.25 23 0.347051 -34.4168
211 288.325 279.575 26614.1 40 0.340445 -18.9558
212 277.179 278.41 20725.4 39 0.335515 -22.3283
213 285.129 273.581 18038.2 31 0.388479 -35.6027
214 275.379 267.586 6302.53 29 0.136788 -51.9895
215 286.083 267.667 9881.11 24 0.22141 -31.5271
216 291.103 266.414 11339.6 29 0.250002 -54.6608
217 285.514 268.143 12402.8 35 0.250176 -52.9616
218 278.179 256.929 2738.72 28 0.0682338 -47.7744
219 281.489 258.911 6669.99 45 0.103531 -52.2761
220 276.7 261.467 6905.51 30 0.167389 -54.8022
221 291.318 258.455 1230.51 22 0.0397482 -62.6585
222 280.8 266.45 3065.22 20 0.0943526 -65.2531
223 295.304 260.696 4040.86 23 0.120454 -62.9986
224 282.552 263.759 3869.93 29 0.0741018 -61.9145
225 295.286 257.286 4352.4 21 0.133779 -61.361
226 287.208 264.833 3976.37 24 0.0799416 -62.2206
227 280.119 263 6034.09 42 0.0723024 -56.7155
228 287.462 257.269 4245.15 26 0.0870615 -53.1992
229 304.259 248.741 9051.91 27 0.226114 -54.0355
230 293.833 257.5 6029.77 18 0.228476 -57.635
231 290.429 261.821 4596.87 28 0.0954576 -61.7806
232 289.696 258.783 3985.63 23 0.0776516 -59.2772
233 290.526 256.368 5176.15 19 0.130628 -56.0068
234 287.5 254.5 4480.45 20 0.0940648 -53.3015
235 294.632 264.789 3853.37 19 0.108405 -68.3607
236 279.562 265.438 1511.79 16 0.0400389 -61.792
237 296.696 250.043 4177.6 23 0.0862673 -55.8034
238 287.3 265.85 4107.52 20 0.0974056 -68.0394
239 284.4 257.65 6320.85 40 0.0654944 -55.402
240 284.364 255.727 5656.96 22 0.0943385 -50.6152
241 302.875 247.781 12969.4 32 0.196026 -53.5993
242 301.22 256.415 11900.6 41 0.139694 -60.9896
243 302.938 254 3540.01 16 0.115933 -59.0115
244 289.633 258.4 7929.27 30 0.0972024 -58.3497
245 305.643 243.536 6238.36 28 0.145108 -51.6216
246 296.759 253.31 8065.39 29 0.147415 -58.732
247 296.156 253.711 12160.8 45 0.115625 -58.2962
248 304.8 244.2 4861.86 15 0.196686 -56.7909
249 304.905 252.167 12635.9 42 0.155669 -58.5964
250 314.864 245.091 8635.61 22 0.29366 -58.3467
251 303.722 243.667 7788.93 36 0.110016 -54.5026
252 298.474 252.474 11381 38 0.155729 -56.3506
253 309.405 246.135 11405.8 37 0.179654 -56.4681
254 303.447 243.482 156461 818 0.113353 -54.5708
